44.1593856655
44.1092045455
44.0595913734
44.0096371882
43.9597961495
43.9100678733
43.8604519774
43.8116252822
43.7622322435
43.7129504505
43.6637795276
43.6152808989
43.5663299663
43.5174887892
43.4687569989
43.4201342282
43.3944134078
43.3702008929
43.3338907469
43.2856347439
43.2590656285
43.2141111111
43.1661487236
43.1182926829
43.0720930233
43.0471238938
43.0274033149
42.9799116998
42.9335170893
42.8917400881
42.8616061606
42.8391208791
42.7962678375
42.7663377193
42.7363636364
42.7234135667
42.7048087432
42.6753275109
42.6458015267
42.6120915033
42.5896626768
42.5626086957
42.5361563518
42.5298264642
42.5097508126
42.4988095238
42.492972973
42.5037796976
42.5006472492
42.4752155172
42.4839612487
42.4807526882
42.5082706767
42.4997854077
42.5050375134
42.5214132762
42.5251336898
42.5398504274
42.5549626467
42.5546908316
42.5665601704
42.5740425532
42.5884165781
42.5944798301
42.5981972428
42.6090042373
42.6320634921
42.6557082452
42.6751847941
42.7241561181
42.782402529
42.7944210526
42.8298633018
42.8378151261
42.8502623295
42.8650943396
42.8693193717
42.8694560669
42.8762800418
42.906993737
42.9613138686
42.9867708333
43.0189386056
43.0687110187
43.104569055
43.114626556
43.1292227979
43.1545548654
43.1683557394
43.1776859504
43.2075335397
43.2503092784
43.3152420185
43.3388888889
43.3612538541
43.3618069815
43.3693333333
43.3885245902
43.4305015353
43.4692229039
43.508784474
43.5128571429
43.5195718654
43.5703665988
43.5814852492
43.5759146341
43.5655837563
43.5672413793
43.5788247214
43.5730769231
43.5758341759
43.5757575758
43.5609485368
43.5481854839
43.5603222558
43.5719315895
43.5551758794
